         1 0.0000000000

         2 0.0000000000

         3 0.0000000000

         4 0.0001000000

         5 0.0006000000

         6 0.0016000000

         7 0.0018000000

         8 0.0011000000

         9 0.0010000000

        10 0.0012000000

        11 0.0012000000

        12 0.0024000000

        13 0.0024000000

        14 0.0019000000

        15 0.0027000000

        16 0.0024000000

        17 0.0021000000

        18 0.0020000000

        19 0.0016000000

        20 0.0011000000

        21 0.0011000000

        22 0.0014000000

        23 0.0018000000

        24 0.0023000000

        25 0.0023000000

        26 0.0017000000

        27 0.0016000000

        28 0.0015000000

        29 0.0017000000

        30 0.0015000000

        31 0.0013000000

        32 0.0017000000

        33 0.0016000000

        34 0.0018000000

        35 0.0018000000

        36 0.0012000000

        37 0.0007000000

        38 0.0012000000

        39 0.0009000000

        40 0.0002000000

        41 0.0005000000

        42 0.0008000000

        43 0.0005000000

        44 0.0012000000

        45 0.0011000000

        46 0.0015000000

        47 0.0011000000

        48 0.0010000000

        49 0.0008000000

        50 0.0008000000

        51 0.0014000000

        52 0.0018000000

        53 0.0016000000

        54 0.0015000000

        55 0.0017000000

        56 0.0019000000

        57 0.0007000000

        58 0.0008000000

        59 0.0007000000

        60 0.0011000000

        61 0.0010000000

        62 0.0019000000

        63 0.0016000000

        64 0.0020000000

        65 0.0014000000

        66 0.0013000000

        67 0.0014000000

        68 0.0012000000

        69 0.0015000000

        70 0.0016000000

        71 0.0008000000

        72 0.0012000000

        73 0.0013000000

        74 0.0017000000

        75 0.0015000000

        76 0.0019000000

        77 0.0020000000

        78 0.0022000000

        79 0.0012000000

        80 0.0008000000

        81 0.0006000000

        82 0.0004000000

        83 0.0008000000

        84 0.0010000000

        85 0.0015000000

        86 0.0013000000

        87 0.0017000000

        88 0.0011000000

        89 0.0015000000

        90 0.0010000000

        91 0.0012000000

        92 0.0008000000

        93 0.0008000000

        94 0.0008000000

        95 0.0005000000

        96 0.0006000000

        97 0.0008000000

        98 0.0007000000

        99 0.0012000000

       100 0.0006000000

       101 0.0011000000

       102 0.0006000000

       103 0.0011000000

       104 0.0009000000

       105 0.0013000000

       106 0.0016000000

       107 0.0008000000

       108 0.0010000000

       109 0.0004000000

       110 0.0014000000

       111 0.0010000000

       112 0.0017000000

       113 0.0019000000

       114 0.0020000000

       115 0.0020000000

       116 0.0022000000

       117 0.0024000000

       118 0.0017000000

       119 0.0015000000

       120 0.0016000000

       121 0.0019000000

       122 0.0014000000

       123 0.0014000000

       124 0.0008000000

       125 0.0003000000

       126 0.0006000000

       127 0.0006000000

       128 0.0021000000

       129 0.0024000000

       130 0.0023000000

       131 0.0025000000

       132 0.0019000000

       133 0.0025000000

       134 0.0016000000

       135 0.0020000000

       136 0.0009000000

       137 0.0015000000

       138 0.0017000000

       139 0.0018000000

       140 0.0010000000

       141 0.0011000000

       142 0.0010000000

       143 0.0010000000

       144 0.0008000000

       145 0.0021000000

       146 0.0017000000

       147 0.0014000000

       148 0.0020000000

       149 0.0010000000

       150 0.0017000000

       151 0.0024000000

       152 0.0023000000

       153 0.0029000000

       154 0.0028000000

       155 0.0023000000

       156 0.0013000000

       157 0.0009000000

       158 0.0005000000

       159 0.0009000000

       160 0.0009000000

       161 0.0006000000

       162 0.0014000000

       163 0.0015000000

       164 0.0012000000

       165 0.0007000000

       166 0.0008000000

       167 0.0004000000

       168 0.0005000000

       169 0.0008000000

       170 0.0009000000

       171 0.0011000000

       172 0.0014000000

       173 0.0012000000

       174 0.0009000000

       175 0.0017000000

       176 0.0011000000

       177 0.0015000000

       178 0.0014000000

       179 0.0014000000

       180 0.0013000000

       181 0.0015000000

       182 0.0012000000

       183 0.0014000000

       184 0.0015000000

       185 0.0008000000

       186 0.0007000000

       187 0.0010000000

       188 0.0011000000

       189 0.0010000000

       190 0.0008000000

       191 0.0009000000

       192 0.0016000000

       193 0.0012000000

       194 0.0013000000

       195 0.0012000000

       196 0.0010000000

       197 0.0008000000

       198 0.0008000000

       199 0.0009000000

       200 0.0007000000

       201 0.0009000000

       202 0.0016000000

       203 0.0010000000

       204 0.0012000000

       205 0.0010000000

       206 0.0011000000

       207 0.0014000000

       208 0.0021000000

       209 0.0017000000

       210 0.0017000000

       211 0.0020000000

       212 0.0015000000

       213 0.0013000000

       214 0.0020000000

       215 0.0016000000

       216 0.0009000000

       217 0.0009000000

       218 0.0006000000

       219 0.0007000000

       220 0.0014000000

       221 0.0016000000

       222 0.0017000000

       223 0.0015000000

       224 0.0019000000

       225 0.0019000000

       226 0.0027000000

       227 0.0022000000

       228 0.0023000000

       229 0.0021000000

       230 0.0015000000

       231 0.0010000000

       232 0.0009000000

       233 0.0012000000

       234 0.0018000000

       235 0.0017000000

       236 0.0016000000

       237 0.0022000000

       238 0.0021000000

       239 0.0016000000

       240 0.0017000000

       241 0.0015000000

       242 0.0013000000

       243 0.0016000000

       244 0.0024000000

       245 0.0019000000

       246 0.0017000000

       247 0.0014000000

       248 0.0013000000

       249 0.0024000000

       250 0.0030000000

       251 0.0016000000

       252 0.0018000000

       253 0.0015000000

       254 0.0014000000

       255 0.0014000000

       256 0.0014000000

       257 0.0014000000

       258 0.0012000000

       259 0.0013000000

       260 0.0014000000

       261 0.0015000000

       262 0.0021000000

       263 0.0021000000

       264 0.0014000000

       265 0.0016000000

       266 0.0017000000

       267 0.0014000000

       268 0.0011000000

       269 0.0011000000

       270 0.0011000000

       271 0.0017000000

       272 0.0017000000

       273 0.0017000000

       274 0.0016000000

       275 0.0006000000

       276 0.0004000000

       277 0.0008000000

       278 0.0017000000

       279 0.0017000000

       280 0.0016000000

       281 0.0013000000

       282 0.0007000000

       283 0.0010000000

       284 0.0009000000

       285 0.0017000000

       286 0.0012000000

       287 0.0010000000

       288 0.0012000000

       289 0.0011000000

       290 0.0013000000

       291 0.0012000000

       292 0.0015000000

       293 0.0015000000

       294 0.0014000000

       295 0.0019000000

       296 0.0012000000

       297 0.0018000000

       298 0.0019000000

       299 0.0019000000

       300 0.0020000000

       301 0.0009000000

       302 0.0021000000

       303 0.0015000000

       304 0.0014000000

       305 0.0015000000

       306 0.0017000000

       307 0.0016000000

       308 0.0029000000

       309 0.0018000000

       310 0.0008000000

       311 0.0011000000

       312 0.0007000000

       313 0.0015000000

       314 0.0024000000

       315 0.0030000000

       316 0.0031000000

       317 0.0022000000

       318 0.0027000000

       319 0.0022000000

       320 0.0010000000

       321 0.0007000000

       322 0.0008000000

       323 0.0012000000

       324 0.0016000000

       325 0.0014000000

       326 0.0012000000

       327 0.0016000000

       328 0.0019000000

       329 0.0017000000

       330 0.0021000000

       331 0.0021000000

       332 0.0027000000

       333 0.0031000000

       334 0.0035000000

       335 0.0028000000

       336 0.0024000000

       337 0.0023000000

       338 0.0019000000

       339 0.0019000000

       340 0.0023000000

       341 0.0019000000

       342 0.0023000000

       343 0.0028000000

       344 0.0017000000

       345 0.0010000000

       346 0.0010000000

       347 0.0016000000

       348 0.0019000000

       349 0.0025000000

       350 0.0012000000

       351 0.0013000000

       352 0.0020000000

       353 0.0017000000

       354 0.0016000000

       355 0.0017000000

       356 0.0019000000

       357 0.0021000000

       358 0.0024000000

       359 0.0027000000

       360 0.0023000000

       361 0.0025000000

       362 0.0027000000

       363 0.0028000000

       364 0.0032000000

       365 0.0022000000

       366 0.0023000000

       367 0.0019000000

       368 0.0017000000

       369 0.0018000000

       370 0.0018000000

       371 0.0021000000

       372 0.0029000000

       373 0.0041000000

       374 0.0051000000

       375 0.0051000000

       376 0.0047000000

       377 0.0039000000

       378 0.0038000000

       379 0.0032000000

       380 0.0033000000

       381 0.0040000000

       382 0.0041000000

       383 0.0043000000

       384 0.0052000000

       385 0.0043000000

       386 0.0050000000

       387 0.0047000000

       388 0.0055000000

       389 0.0053000000

       390 0.0048000000

       391 0.0051000000

       392 0.0050000000

       393 0.0055000000

       394 0.0047000000

       395 0.0046000000

       396 0.0049000000

       397 0.0050000000

       398 0.0058000000

       399 0.0050000000

       400 0.0059000000

       401 0.0059000000

       402 0.0056000000

       403 0.0055000000

       404 0.0059000000

       405 0.0060000000

       406 0.0063000000

       407 0.0065000000

       408 0.0074000000

       409 0.0074000000

       410 0.0077000000

       411 0.0078000000

       412 0.0082000000

       413 0.0083000000

       414 0.0092000000

       415 0.0098000000

       416 0.0105000000

       417 0.0116000000

       418 0.0126000000

       419 0.0119000000

       420 0.0120000000

       421 0.0128000000

       422 0.0127000000

       423 0.0142000000

       424 0.0138000000

       425 0.0149000000

       426 0.0148000000

       427 0.0151000000

       428 0.0155000000

       429 0.0168000000

       430 0.0161000000

       431 0.0159000000

       432 0.0158000000

       433 0.0157000000

       434 0.0155000000

       435 0.0156000000

       436 0.0167000000

       437 0.0168000000

       438 0.0174000000

       439 0.0178000000

       440 0.0188000000

       441 0.0182000000

       442 0.0185000000

       443 0.0181000000

       444 0.0183000000

       445 0.0180000000

       446 0.0183000000

       447 0.0184000000

       448 0.0195000000

       449 0.0204000000

       450 0.0209000000

       451 0.0210000000

       452 0.0215000000

       453 0.0219000000

       454 0.0218000000

       455 0.0216000000

       456 0.0220000000

       457 0.0227000000

       458 0.0223000000

       459 0.0225000000

       460 0.0223000000

       461 0.0232000000

       462 0.0229000000

       463 0.0230000000

       464 0.0235000000

       465 0.0238000000

       466 0.0238000000

       467 0.0243000000

       468 0.0246000000

       469 0.0248000000

       470 0.0253000000

       471 0.0255000000

       472 0.0263000000

       473 0.0263000000

       474 0.0271000000

       475 0.0273000000

       476 0.0273000000

       477 0.0270000000

       478 0.0269000000

       479 0.0269000000

       480 0.0267000000

       481 0.0271000000

       482 0.0276000000

       483 0.0281000000

       484 0.0282000000

       485 0.0291000000

       486 0.0292000000

       487 0.0293000000

       488 0.0284000000

       489 0.0281000000

       490 0.0285000000

       491 0.0289000000

       492 0.0288000000

       493 0.0292000000

       494 0.0298000000

       495 0.0302000000

       496 0.0300000000

       497 0.0294000000

       498 0.0290000000

       499 0.0294000000

       500 0.0292000000

       501 0.0293000000

       502 0.0305000000

       503 0.0304000000

       504 0.0300000000

       505 0.0299000000

       506 0.0298000000

       507 0.0300000000

       508 0.0296000000

       509 0.0297000000

       510 0.0296000000

       511 0.0300000000

       512 0.0306000000

       513 0.0304000000

       514 0.0304000000

       515 0.0310000000

       516 0.0309000000

       517 0.0305000000

       518 0.0303000000

       519 0.0306000000

       520 0.0310000000

       521 0.0310000000

       522 0.0309000000

       523 0.0311000000

       524 0.0309000000

       525 0.0308000000

       526 0.0305000000

       527 0.0312000000

       528 0.0309000000

       529 0.0308000000

       530 0.0309000000

       531 0.0314000000

       532 0.0317000000

       533 0.0321000000

       534 0.0318000000

       535 0.0321000000

       536 0.0322000000

       537 0.0322000000

       538 0.0314000000

       539 0.0322000000

       540 0.0322000000

       541 0.0320000000

       542 0.0322000000

       543 0.0325000000

       544 0.0323000000

       545 0.0327000000

       546 0.0329000000

       547 0.0327000000

       548 0.0331000000

       549 0.0328000000

       550 0.0329000000

       551 0.0328000000

       552 0.0329000000

       553 0.0331000000

       554 0.0328000000

       555 0.0329000000

       556 0.0325000000

       557 0.0327000000

       558 0.0331000000

       559 0.0327000000

       560 0.0331000000

       561 0.0325000000

       562 0.0330000000

       563 0.0327000000

       564 0.0332000000

       565 0.0339000000

       566 0.0339000000

       567 0.0338000000

       568 0.0335000000

       569 0.0340000000

       570 0.0341000000

       571 0.0344000000

       572 0.0343000000

       573 0.0340000000

       574 0.0338000000

       575 0.0331000000

       576 0.0331000000

       577 0.0335000000

       578 0.0340000000

       579 0.0343000000

       580 0.0340000000

       581 0.0346000000

       582 0.0345000000

       583 0.0345000000

       584 0.0336000000

       585 0.0340000000

       586 0.0338000000

       587 0.0347000000

       588 0.0343000000

       589 0.0348000000

       590 0.0350000000

       591 0.0349000000

       592 0.0341000000

       593 0.0341000000

       594 0.0341000000

       595 0.0345000000

       596 0.0343000000

       597 0.0351000000

       598 0.0355000000

       599 0.0359000000

       600 0.0352000000

       601 0.0348000000

       602 0.0348000000

       603 0.0351000000

       604 0.0361000000

       605 0.0362000000

       606 0.0366000000

       607 0.0352000000

       608 0.0352000000

       609 0.0352000000

       610 0.0359000000

       611 0.0358000000

       612 0.0369000000

       613 0.0366000000

       614 0.0364000000

       615 0.0369000000

       616 0.0368000000

       617 0.0373000000

       618 0.0378000000

       619 0.0379000000

       620 0.0378000000

       621 0.0383000000

       622 0.0384000000

       623 0.0378000000

       624 0.0381000000

       625 0.0384000000

       626 0.0386000000

       627 0.0383000000

       628 0.0379000000

       629 0.0379000000

       630 0.0381000000

       631 0.0384000000

       632 0.0389000000

       633 0.0393000000

       634 0.0381000000

       635 0.0381000000

       636 0.0381000000

       637 0.0381000000

       638 0.0386000000

       639 0.0396000000

       640 0.0392000000

       641 0.0400000000

       642 0.0397000000

       643 0.0398000000

       644 0.0391000000

       645 0.0392000000

       646 0.0388000000

       647 0.0399000000

       648 0.0405000000

       649 0.0402000000

       650 0.0400000000

       651 0.0397000000

       652 0.0401000000

       653 0.0394000000

       654 0.0397000000

       655 0.0402000000

       656 0.0403000000

       657 0.0406000000

       658 0.0420000000

       659 0.0410000000

       660 0.0407000000

       661 0.0403000000

       662 0.0405000000

       663 0.0410000000

       664 0.0408000000

       665 0.0418000000

       666 0.0413000000

       667 0.0405000000

       668 0.0410000000

       669 0.0418000000

       670 0.0423000000

       671 0.0421000000

       672 0.0420000000

       673 0.0423000000

       674 0.0423000000

       675 0.0428000000

       676 0.0432000000

       677 0.0433000000

       678 0.0433000000

       679 0.0439000000

       680 0.0440000000

       681 0.0433000000

       682 0.0432000000

       683 0.0434000000

       684 0.0427000000

       685 0.0427000000

       686 0.0424000000

       687 0.0428000000

       688 0.0427000000

       689 0.0428000000

       690 0.0431000000

       691 0.0430000000

       692 0.0436000000

       693 0.0432000000

       694 0.0428000000

       695 0.0429000000

       696 0.0430000000

       697 0.0429000000

       698 0.0424000000

       699 0.0425000000

       700 0.0425000000

       701 0.0428000000

       702 0.0430000000

       703 0.0435000000

       704 0.0434000000

       705 0.0436000000

       706 0.0437000000

       707 0.0439000000

       708 0.0442000000

       709 0.0444000000

       710 0.0446000000

       711 0.0456000000

       712 0.0451000000

       713 0.0454000000

       714 0.0448000000

       715 0.0446000000

       716 0.0449000000

       717 0.0457000000

       718 0.0464000000

       719 0.0464000000

       720 0.0466000000

       721 0.0460000000

       722 0.0462000000

       723 0.0464000000

       724 0.0471000000

       725 0.0473000000

       726 0.0477000000

       727 0.0484000000

       728 0.0486000000

       729 0.0487000000

       730 0.0485000000

       731 0.0482000000

       732 0.0485000000

       733 0.0487000000

       734 0.0480000000

       735 0.0479000000

       736 0.0480000000

       737 0.0479000000

       738 0.0482000000

       739 0.0483000000

       740 0.0486000000

       741 0.0489000000

       742 0.0494000000

       743 0.0499000000

       744 0.0492000000

       745 0.0489000000

       746 0.0488000000

       747 0.0485000000

       748 0.0483000000

       749 0.0482000000

       750 0.0479000000

       751 0.0481000000

       752 0.0488000000

       753 0.0484000000

       754 0.0488000000

       755 0.0480000000

       756 0.0482000000

       757 0.0487000000

       758 0.0492000000

       759 0.0491000000

       760 0.0496000000

       761 0.0494000000

       762 0.0505000000

       763 0.0518000000

       764 0.0505000000

       765 0.0502000000

       766 0.0497000000

       767 0.0496000000

       768 0.0495000000

       769 0.0499000000

       770 0.0502000000

       771 0.0506000000

       772 0.0507000000

       773 0.0515000000

       774 0.0511000000

       775 0.0511000000

       776 0.0512000000

       777 0.0516000000

       778 0.0519000000

       779 0.0524000000

       780 0.0520000000

       781 0.0523000000

       782 0.0523000000

       783 0.0523000000

       784 0.0523000000

       785 0.0523000000

       786 0.0526000000

       787 0.0531000000

       788 0.0533000000

       789 0.0538000000

       790 0.0538000000

       791 0.0531000000

       792 0.0537000000

       793 0.0535000000

       794 0.0536000000

       795 0.0538000000

       796 0.0540000000

       797 0.0541000000

       798 0.0539000000

       799 0.0549000000

       800 0.0553000000

       801 0.0544000000

       802 0.0541000000

       803 0.0540000000

       804 0.0541000000

       805 0.0547000000

       806 0.0547000000

       807 0.0555000000

       808 0.0555000000

       809 0.0554000000

       810 0.0558000000

       811 0.0559000000

       812 0.0555000000

       813 0.0552000000

       814 0.0557000000

       815 0.0555000000

       816 0.0551000000

       817 0.0549000000

       818 0.0549000000

       819 0.0556000000

       820 0.0556000000

       821 0.0557000000

       822 0.0563000000

       823 0.0565000000

       824 0.0571000000

       825 0.0577000000

       826 0.0581000000

       827 0.0583000000

       828 0.0582000000

       829 0.0573000000

       830 0.0573000000

       831 0.0570000000

       832 0.0570000000

       833 0.0577000000

       834 0.0583000000

       835 0.0576000000

       836 0.0576000000

       837 0.0578000000

       838 0.0585000000

       839 0.0583000000

       840 0.0585000000

       841 0.0587000000

       842 0.0583000000

       843 0.0589000000

       844 0.0595000000

       845 0.0591000000

       846 0.0585000000

       847 0.0588000000

       848 0.0591000000

       849 0.0587000000

       850 0.0595000000

       851 0.0599000000

       852 0.0603000000

       853 0.0605000000

       854 0.0603000000

       855 0.0603000000

       856 0.0603000000

       857 0.0605000000

       858 0.0599000000

       859 0.0602000000

       860 0.0595000000

       861 0.0594000000

       862 0.0599000000

       863 0.0605000000

       864 0.0607000000

       865 0.0606000000

       866 0.0598000000

       867 0.0596000000

       868 0.0598000000

       869 0.0604000000

       870 0.0605000000

       871 0.0608000000

       872 0.0608000000

       873 0.0608000000

       874 0.0607000000

       875 0.0608000000

       876 0.0611000000

       877 0.0614000000

       878 0.0615000000

       879 0.0616000000

       880 0.0614000000

       881 0.0612000000

       882 0.0611000000

       883 0.0615000000

       884 0.0613000000

       885 0.0609000000

       886 0.0609000000

       887 0.0607000000

       888 0.0611000000

       889 0.0622000000

       890 0.0628000000

       891 0.0626000000

       892 0.0626000000

       893 0.0624000000

       894 0.0618000000

       895 0.0615000000

       896 0.0618000000

       897 0.0623000000

       898 0.0629000000

       899 0.0640000000

       900 0.0637000000

       901 0.0634000000

       902 0.0631000000

       903 0.0629000000

       904 0.0627000000

       905 0.0623000000

       906 0.0622000000

       907 0.0632000000

       908 0.0635000000

       909 0.0635000000

       910 0.0631000000

       911 0.0630000000

       912 0.0630000000

       913 0.0625000000

       914 0.0629000000

       915 0.0628000000

       916 0.0627000000

       917 0.0637000000

       918 0.0627000000

       919 0.0635000000

       920 0.0633000000

       921 0.0632000000

       922 0.0634000000

       923 0.0637000000

       924 0.0635000000

       925 0.0644000000

       926 0.0643000000

       927 0.0641000000

       928 0.0640000000

       929 0.0636000000

       930 0.0636000000

       931 0.0642000000

       932 0.0643000000

       933 0.0647000000

       934 0.0644000000

       935 0.0643000000

       936 0.0643000000

       937 0.0641000000

       938 0.0642000000

       939 0.0644000000

       940 0.0643000000

       941 0.0644000000

       942 0.0646000000

       943 0.0646000000

       944 0.0650000000

       945 0.0645000000

       946 0.0646000000

       947 0.0650000000

       948 0.0645000000

       949 0.0646000000

       950 0.0651000000

       951 0.0657000000

       952 0.0663000000

       953 0.0668000000

       954 0.0672000000

       955 0.0668000000

       956 0.0663000000

       957 0.0670000000

       958 0.0669000000

       959 0.0676000000

       960 0.0673000000

       961 0.0671000000

       962 0.0677000000

       963 0.0680000000

       964 0.0687000000

       965 0.0680000000

       966 0.0688000000

       967 0.0687000000

       968 0.0679000000

       969 0.0677000000

       970 0.0673000000

       971 0.0674000000

       972 0.0682000000

       973 0.0681000000

       974 0.0685000000

       975 0.0685000000

       976 0.0684000000

       977 0.0688000000

       978 0.0685000000

       979 0.0690000000

       980 0.0688000000

       981 0.0693000000

       982 0.0699000000

       983 0.0694000000

       984 0.0700000000

       985 0.0703000000

       986 0.0708000000

       987 0.0706000000

       988 0.0701000000

       989 0.0700000000

       990 0.0702000000

       991 0.0709000000

       992 0.0699000000

       993 0.0700000000

       994 0.0698000000

       995 0.0700000000

       996 0.0703000000

       997 0.0709000000

       998 0.0708000000

       999 0.0710000000

      1000 0.0720000000

      1001 0.0719000000

      1002 0.0720000000

      1003 0.0715000000

      1004 0.0723000000

      1005 0.0721000000

      1006 0.0720000000

      1007 0.0723000000

      1008 0.0723000000

      1009 0.0721000000

      1010 0.0728000000

      1011 0.0732000000

      1012 0.0729000000

      1013 0.0723000000

      1014 0.0723000000

      1015 0.0731000000

      1016 0.0729000000

      1017 0.0729000000

      1018 0.0732000000

      1019 0.0737000000

      1020 0.0743000000

      1021 0.0746000000

      1022 0.0752000000

      1023 0.0752000000

      1024 0.0745000000

      1025 0.0740000000

      1026 0.0743000000

      1027 0.0741000000

      1028 0.0745000000

      1029 0.0749000000

      1030 0.0749000000

      1031 0.0749000000

      1032 0.0748000000

      1033 0.0750000000

      1034 0.0755000000

      1035 0.0748000000

      1036 0.0750000000

      1037 0.0752000000

      1038 0.0751000000

      1039 0.0751000000

      1040 0.0755000000

      1041 0.0757000000

      1042 0.0760000000

      1043 0.0762000000

      1044 0.0759000000

      1045 0.0759000000

      1046 0.0759000000

      1047 0.0761000000

      1048 0.0759000000

      1049 0.0762000000

      1050 0.0761000000

      1051 0.0761000000

      1052 0.0761000000

      1053 0.0764000000

      1054 0.0770000000

      1055 0.0769000000

      1056 0.0774000000

      1057 0.0773000000

      1058 0.0774000000

      1059 0.0779000000

      1060 0.0779000000

      1061 0.0777000000

      1062 0.0778000000

      1063 0.0787000000

      1064 0.0790000000

      1065 0.0793000000

      1066 0.0792000000

      1067 0.0788000000

      1068 0.0786000000

      1069 0.0784000000

      1070 0.0785000000

      1071 0.0784000000

      1072 0.0785000000

      1073 0.0787000000

      1074 0.0791000000

      1075 0.0796000000

      1076 0.0800000000

      1077 0.0799000000

      1078 0.0803000000

      1079 0.0805000000

      1080 0.0802000000

      1081 0.0804000000

      1082 0.0803000000

      1083 0.0800000000

      1084 0.0801000000

      1085 0.0805000000

      1086 0.0802000000

      1087 0.0806000000

      1088 0.0807000000

      1089 0.0812000000

      1090 0.0813000000

      1091 0.0806000000

      1092 0.0806000000

      1093 0.0807000000

      1094 0.0806000000

      1095 0.0810000000

      1096 0.0810000000

      1097 0.0810000000

      1098 0.0813000000

      1099 0.0818000000

      1100 0.0821000000

      1101 0.0821000000

      1102 0.0822000000

      1103 0.0821000000

      1104 0.0823000000

      1105 0.0819000000

      1106 0.0819000000

      1107 0.0820000000

      1108 0.0824000000

      1109 0.0824000000

      1110 0.0824000000

      1111 0.0825000000

      1112 0.0826000000

      1113 0.0820000000

      1114 0.0825000000

      1115 0.0832000000

      1116 0.0833000000

      1117 0.0830000000

      1118 0.0829000000

      1119 0.0829000000

      1120 0.0834000000

      1121 0.0835000000

      1122 0.0843000000

      1123 0.0850000000

      1124 0.0854000000

      1125 0.0844000000

      1126 0.0846000000

      1127 0.0849000000

      1128 0.0855000000

      1129 0.0856000000

      1130 0.0857000000

      1131 0.0859000000

      1132 0.0863000000

      1133 0.0858000000

      1134 0.0859000000

      1135 0.0861000000

      1136 0.0865000000

      1137 0.0864000000

      1138 0.0867000000

      1139 0.0871000000

      1140 0.0871000000

      1141 0.0869000000

      1142 0.0871000000

      1143 0.0873000000

      1144 0.0877000000

      1145 0.0875000000

      1146 0.0874000000

      1147 0.0880000000

      1148 0.0875000000

      1149 0.0873000000

      1150 0.0874000000

      1151 0.0875000000

      1152 0.0882000000

      1153 0.0885000000

      1154 0.0884000000

      1155 0.0889000000

      1156 0.0892000000

      1157 0.0905000000

      1158 0.0901000000

      1159 0.0902000000

      1160 0.0901000000

      1161 0.0896000000

      1162 0.0897000000

      1163 0.0893000000

      1164 0.0898000000

      1165 0.0902000000

      1166 0.0904000000

      1167 0.0902000000

      1168 0.0900000000

      1169 0.0908000000

      1170 0.0916000000

      1171 0.0913000000

      1172 0.0912000000

      1173 0.0915000000

      1174 0.0913000000

      1175 0.0913000000

      1176 0.0918000000

      1177 0.0920000000

      1178 0.0917000000

      1179 0.0918000000

      1180 0.0925000000

      1181 0.0925000000

      1182 0.0923000000

      1183 0.0923000000

      1184 0.0923000000

      1185 0.0927000000

      1186 0.0929000000

      1187 0.0929000000

      1188 0.0933000000

      1189 0.0932000000

      1190 0.0928000000

      1191 0.0932000000

      1192 0.0931000000

      1193 0.0931000000

      1194 0.0933000000

      1195 0.0930000000

      1196 0.0936000000

      1197 0.0943000000

      1198 0.0945000000

      1199 0.0947000000

      1200 0.0947000000

      1201 0.0945000000

      1202 0.0947000000

      1203 0.0949000000

      1204 0.0950000000

      1205 0.0951000000

      1206 0.0954000000

      1207 0.0951000000

      1208 0.0954000000

      1209 0.0952000000

      1210 0.0954000000

      1211 0.0956000000

      1212 0.0961000000

      1213 0.0964000000

      1214 0.0967000000

      1215 0.0962000000

      1216 0.0968000000

      1217 0.0967000000

      1218 0.0966000000

      1219 0.0969000000

      1220 0.0976000000

      1221 0.0973000000

      1222 0.0973000000

      1223 0.0980000000

      1224 0.0979000000

      1225 0.0976000000

      1226 0.0979000000

      1227 0.0985000000

      1228 0.0987000000

      1229 0.0985000000

      1230 0.0989000000

      1231 0.0986000000

      1232 0.0983000000

      1233 0.0983000000

      1234 0.0987000000

      1235 0.0988000000

      1236 0.0996000000

      1237 0.0985000000

      1238 0.0985000000

      1239 0.0986000000

      1240 0.0986000000

      1241 0.0992000000

      1242 0.0988000000

      1243 0.0987000000

      1244 0.0988000000

      1245 0.0995000000

      1246 0.0998000000

      1247 0.1004000000

      1248 0.0999000000

      1249 0.0998000000

      1250 0.1003000000

      1251 0.1001000000

      1252 0.0998000000

      1253 0.1001000000

      1254 0.0999000000

      1255 0.1007000000

      1256 0.1008000000

      1257 0.1007000000

      1258 0.1006000000

      1259 0.1011000000

      1260 0.1020000000

      1261 0.1019000000

      1262 0.1016000000

      1263 0.1016000000

      1264 0.1022000000

      1265 0.1021000000

      1266 0.1022000000

      1267 0.1031000000

      1268 0.1027000000

      1269 0.1034000000

      1270 0.1038000000

      1271 0.1033000000

      1272 0.1027000000

      1273 0.1025000000

      1274 0.1028000000

      1275 0.1032000000

      1276 0.1031000000

      1277 0.1035000000

      1278 0.1033000000

      1279 0.1040000000

      1280 0.1042000000

      1281 0.1043000000

      1282 0.1046000000

      1283 0.1044000000

      1284 0.1036000000

      1285 0.1038000000

      1286 0.1038000000

      1287 0.1040000000

      1288 0.1047000000

      1289 0.1044000000

      1290 0.1042000000

      1291 0.1044000000

      1292 0.1049000000

      1293 0.1054000000

      1294 0.1055000000

      1295 0.1052000000

      1296 0.1055000000

      1297 0.1061000000

      1298 0.1055000000

      1299 0.1058000000

      1300 0.1064000000

      1301 0.1057000000

      1302 0.1060000000

      1303 0.1057000000

      1304 0.1052000000

      1305 0.1058000000

      1306 0.1061000000

      1307 0.1067000000

      1308 0.1064000000

      1309 0.1063000000

      1310 0.1062000000

      1311 0.1066000000

      1312 0.1067000000

      1313 0.1070000000

      1314 0.1070000000

      1315 0.1072000000

      1316 0.1073000000

      1317 0.1077000000

      1318 0.1083000000

      1319 0.1084000000

      1320 0.1082000000

      1321 0.1078000000

      1322 0.1078000000

      1323 0.1086000000

      1324 0.1090000000

      1325 0.1090000000

      1326 0.1092000000

      1327 0.1091000000

      1328 0.1090000000

      1329 0.1094000000

      1330 0.1089000000

      1331 0.1092000000

      1332 0.1095000000

      1333 0.1100000000

      1334 0.1097000000

      1335 0.1092000000

      1336 0.1096000000

      1337 0.1101000000

      1338 0.1101000000

      1339 0.1101000000

      1340 0.1103000000

      1341 0.1101000000

      1342 0.1106000000

      1343 0.1103000000

      1344 0.1105000000

      1345 0.1107000000

      1346 0.1107000000

      1347 0.1111000000

      1348 0.1108000000

      1349 0.1107000000

      1350 0.1107000000

      1351 0.1106000000

      1352 0.1109000000

      1353 0.1112000000

      1354 0.1110000000

      1355 0.1112000000

      1356 0.1114000000

      1357 0.1124000000

      1358 0.1120000000

      1359 0.1124000000

      1360 0.1118000000

      1361 0.1128000000

      1362 0.1128000000

      1363 0.1132000000

      1364 0.1126000000

      1365 0.1128000000

      1366 0.1133000000

      1367 0.1135000000

      1368 0.1128000000

      1369 0.1133000000

      1370 0.1133000000

      1371 0.1133000000

      1372 0.1132000000

      1373 0.1139000000

      1374 0.1136000000

      1375 0.1141000000

      1376 0.1146000000

      1377 0.1142000000

      1378 0.1138000000

      1379 0.1148000000

      1380 0.1143000000

      1381 0.1146000000

      1382 0.1147000000

      1383 0.1147000000

      1384 0.1144000000

      1385 0.1150000000

      1386 0.1145000000

      1387 0.1142000000

      1388 0.1151000000

      1389 0.1151000000

      1390 0.1157000000

      1391 0.1157000000

      1392 0.1165000000

      1393 0.1170000000

      1394 0.1168000000

      1395 0.1167000000

      1396 0.1171000000

      1397 0.1175000000

      1398 0.1173000000

      1399 0.1176000000

      1400 0.1175000000

      1401 0.1178000000

      1402 0.1181000000

      1403 0.1185000000

      1404 0.1187000000

      1405 0.1183000000

      1406 0.1186000000

      1407 0.1185000000

      1408 0.1187000000

      1409 0.1189000000

      1410 0.1191000000

      1411 0.1194000000

      1412 0.1188000000

      1413 0.1195000000

      1414 0.1201000000

      1415 0.1201000000

      1416 0.1200000000

      1417 0.1201000000

      1418 0.1203000000

      1419 0.1202000000

      1420 0.1205000000

      1421 0.1212000000

      1422 0.1212000000

      1423 0.1210000000

      1424 0.1213000000

      1425 0.1209000000

      1426 0.1208000000

      1427 0.1210000000

      1428 0.1214000000

      1429 0.1220000000

      1430 0.1213000000

      1431 0.1213000000

      1432 0.1212000000

      1433 0.1214000000

      1434 0.1217000000

      1435 0.1217000000

      1436 0.1216000000

      1437 0.1222000000

      1438 0.1225000000

      1439 0.1229000000

      1440 0.1228000000

      1441 0.1233000000

      1442 0.1226000000

      1443 0.1233000000

      1444 0.1236000000

      1445 0.1238000000

      1446 0.1233000000

      1447 0.1236000000

      1448 0.1236000000

      1449 0.1241000000

      1450 0.1241000000

      1451 0.1235000000

      1452 0.1238000000

      1453 0.1241000000

      1454 0.1243000000

      1455 0.1243000000

      1456 0.1242000000

      1457 0.1246000000

      1458 0.1243000000

      1459 0.1244000000

      1460 0.1244000000

      1461 0.1243000000

      1462 0.1248000000

      1463 0.1247000000

      1464 0.1244000000

      1465 0.1249000000

      1466 0.1252000000

      1467 0.1250000000

      1468 0.1248000000

      1469 0.1247000000

      1470 0.1247000000

      1471 0.1258000000

      1472 0.1260000000

      1473 0.1262000000

      1474 0.1265000000

      1475 0.1268000000

      1476 0.1269000000

      1477 0.1268000000

      1478 0.1270000000

      1479 0.1271000000

      1480 0.1275000000

      1481 0.1278000000

      1482 0.1272000000

      1483 0.1270000000

      1484 0.1266000000

      1485 0.1267000000

      1486 0.1274000000

      1487 0.1277000000

      1488 0.1276000000

      1489 0.1282000000

      1490 0.1279000000

      1491 0.1281000000

      1492 0.1283000000

      1493 0.1290000000

      1494 0.1284000000

      1495 0.1287000000

      1496 0.1294000000

      1497 0.1285000000

      1498 0.1287000000

      1499 0.1290000000

      1500 0.1296000000

      1501 0.1303000000

      1502 0.1299000000

      1503 0.1299000000

      1504 0.1302000000

      1505 0.1302000000

      1506 0.1306000000

      1507 0.1305000000

      1508 0.1306000000

      1509 0.1307000000

      1510 0.1310000000

      1511 0.1310000000

      1512 0.1310000000

      1513 0.1311000000

      1514 0.1315000000

      1515 0.1313000000

      1516 0.1311000000

      1517 0.1318000000

      1518 0.1317000000

      1519 0.1316000000

      1520 0.1314000000

      1521 0.1317000000

      1522 0.1322000000

      1523 0.1322000000

      1524 0.1322000000

      1525 0.1324000000

      1526 0.1329000000

      1527 0.1333000000

      1528 0.1334000000

      1529 0.1335000000

      1530 0.1336000000

      1531 0.1335000000

      1532 0.1343000000

      1533 0.1349000000

      1534 0.1341000000

      1535 0.1340000000

      1536 0.1337000000

      1537 0.1342000000

      1538 0.1343000000

      1539 0.1342000000

      1540 0.1344000000

      1541 0.1349000000

      1542 0.1347000000

      1543 0.1354000000

      1544 0.1352000000

      1545 0.1351000000

      1546 0.1354000000

      1547 0.1355000000

      1548 0.1359000000

      1549 0.1358000000

      1550 0.1358000000

      1551 0.1358000000

      1552 0.1361000000

      1553 0.1364000000

      1554 0.1363000000

      1555 0.1365000000

      1556 0.1368000000

      1557 0.1367000000

      1558 0.1365000000

      1559 0.1368000000

      1560 0.1371000000

      1561 0.1373000000

      1562 0.1366000000

      1563 0.1368000000

      1564 0.1376000000

      1565 0.1374000000

      1566 0.1376000000

      1567 0.1382000000

      1568 0.1384000000

      1569 0.1393000000

      1570 0.1389000000

      1571 0.1392000000

      1572 0.1396000000

      1573 0.1400000000

      1574 0.1398000000

      1575 0.1403000000

      1576 0.1400000000

      1577 0.1403000000

      1578 0.1405000000

      1579 0.1407000000

      1580 0.1410000000

      1581 0.1413000000

      1582 0.1423000000

      1583 0.1418000000

      1584 0.1417000000

      1585 0.1412000000

      1586 0.1413000000

      1587 0.1414000000

      1588 0.1414000000

      1589 0.1416000000

      1590 0.1418000000

      1591 0.1423000000

      1592 0.1426000000

      1593 0.1429000000

      1594 0.1430000000

      1595 0.1430000000

      1596 0.1429000000

      1597 0.1427000000

      1598 0.1429000000

      1599 0.1431000000

      1600 0.1428000000

      1601 0.1429000000

      1602 0.1434000000

      1603 0.1440000000

      1604 0.1442000000

      1605 0.1442000000

      1606 0.1439000000

      1607 0.1444000000

      1608 0.1447000000

      1609 0.1446000000

      1610 0.1452000000

      1611 0.1453000000

      1612 0.1456000000

      1613 0.1455000000

      1614 0.1450000000

      1615 0.1454000000

      1616 0.1456000000

      1617 0.1462000000

      1618 0.1461000000

      1619 0.1461000000

      1620 0.1463000000

      1621 0.1466000000

      1622 0.1470000000

      1623 0.1469000000

      1624 0.1469000000

      1625 0.1470000000

      1626 0.1475000000

      1627 0.1472000000

      1628 0.1475000000

      1629 0.1477000000

      1630 0.1476000000

      1631 0.1476000000

      1632 0.1479000000

      1633 0.1476000000

      1634 0.1473000000

      1635 0.1477000000

      1636 0.1477000000

      1637 0.1481000000

      1638 0.1483000000

      1639 0.1483000000

      1640 0.1483000000

      1641 0.1487000000

      1642 0.1487000000

      1643 0.1486000000

      1644 0.1482000000

      1645 0.1488000000

      1646 0.1487000000

      1647 0.1487000000

      1648 0.1492000000

      1649 0.1495000000

      1650 0.1493000000

      1651 0.1495000000

      1652 0.1496000000

      1653 0.1499000000

      1654 0.1504000000

      1655 0.1505000000

      1656 0.1507000000

      1657 0.1512000000

      1658 0.1514000000

      1659 0.1515000000

      1660 0.1521000000

      1661 0.1527000000

      1662 0.1529000000

      1663 0.1527000000

      1664 0.1525000000

      1665 0.1524000000

      1666 0.1523000000

      1667 0.1524000000

      1668 0.1530000000

      1669 0.1531000000

      1670 0.1534000000

      1671 0.1532000000

      1672 0.1532000000

      1673 0.1540000000

      1674 0.1540000000

      1675 0.1547000000

      1676 0.1550000000

      1677 0.1555000000

      1678 0.1558000000

      1679 0.1562000000

      1680 0.1566000000

      1681 0.1565000000

      1682 0.1568000000

      1683 0.1568000000

      1684 0.1571000000

      1685 0.1571000000

      1686 0.1576000000

      1687 0.1579000000

      1688 0.1579000000

      1689 0.1578000000

      1690 0.1581000000

      1691 0.1581000000

      1692 0.1582000000

      1693 0.1583000000

      1694 0.1587000000

      1695 0.1585000000

      1696 0.1588000000

      1697 0.1585000000

      1698 0.1585000000

      1699 0.1591000000

      1700 0.1589000000

      1701 0.1589000000

      1702 0.1592000000

      1703 0.1592000000

      1704 0.1596000000

      1705 0.1597000000

      1706 0.1604000000

      1707 0.1610000000

      1708 0.1611000000

      1709 0.1611000000

      1710 0.1602000000

      1711 0.1603000000

      1712 0.1604000000

      1713 0.1604000000

      1714 0.1605000000

      1715 0.1608000000

      1716 0.1608000000

      1717 0.1609000000

      1718 0.1608000000

      1719 0.1611000000

      1720 0.1615000000

      1721 0.1610000000

      1722 0.1612000000

      1723 0.1618000000

      1724 0.1620000000

      1725 0.1627000000

      1726 0.1629000000

      1727 0.1630000000

      1728 0.1631000000

      1729 0.1637000000

      1730 0.1637000000

      1731 0.1634000000

      1732 0.1638000000

      1733 0.1643000000

      1734 0.1645000000

      1735 0.1647000000

      1736 0.1643000000

      1737 0.1643000000

      1738 0.1647000000

      1739 0.1649000000

      1740 0.1648000000

      1741 0.1648000000

      1742 0.1648000000

      1743 0.1654000000

      1744 0.1658000000

      1745 0.1663000000

      1746 0.1661000000

      1747 0.1666000000

      1748 0.1662000000

      1749 0.1665000000

      1750 0.1668000000

      1751 0.1675000000

      1752 0.1673000000

      1753 0.1679000000

      1754 0.1683000000

      1755 0.1682000000

      1756 0.1687000000

      1757 0.1691000000

      1758 0.1690000000

      1759 0.1688000000

      1760 0.1690000000

      1761 0.1693000000

      1762 0.1691000000

      1763 0.1695000000

      1764 0.1697000000

      1765 0.1698000000

      1766 0.1698000000

      1767 0.1699000000

      1768 0.1700000000

      1769 0.1711000000

      1770 0.1710000000

      1771 0.1711000000

      1772 0.1717000000

      1773 0.1716000000

      1774 0.1718000000

      1775 0.1719000000

      1776 0.1724000000

      1777 0.1721000000

      1778 0.1720000000

      1779 0.1724000000

      1780 0.1727000000

      1781 0.1721000000

      1782 0.1727000000

      1783 0.1727000000

      1784 0.1728000000

      1785 0.1723000000

      1786 0.1728000000

      1787 0.1729000000

      1788 0.1729000000

      1789 0.1734000000

      1790 0.1739000000

      1791 0.1742000000

      1792 0.1742000000

      1793 0.1737000000

      1794 0.1740000000

      1795 0.1742000000

      1796 0.1742000000

      1797 0.1743000000

      1798 0.1745000000

      1799 0.1747000000

      1800 0.1749000000

      1801 0.1753000000

      1802 0.1755000000

      1803 0.1757000000

      1804 0.1758000000

      1805 0.1761000000

      1806 0.1760000000

      1807 0.1758000000

      1808 0.1763000000

      1809 0.1768000000

      1810 0.1769000000

      1811 0.1774000000

      1812 0.1777000000

      1813 0.1784000000

      1814 0.1785000000

      1815 0.1787000000

      1816 0.1788000000

      1817 0.1795000000

      1818 0.1793000000

      1819 0.1794000000

      1820 0.1799000000

      1821 0.1800000000

      1822 0.1802000000

      1823 0.1804000000

      1824 0.1811000000

      1825 0.1810000000

      1826 0.1806000000

      1827 0.1806000000

      1828 0.1810000000

      1829 0.1810000000

      1830 0.1806000000

      1831 0.1807000000

      1832 0.1814000000

      1833 0.1815000000

      1834 0.1812000000

      1835 0.1817000000

      1836 0.1817000000

      1837 0.1824000000

      1838 0.1821000000

      1839 0.1830000000

      1840 0.1831000000

      1841 0.1838000000

      1842 0.1830000000

      1843 0.1828000000

      1844 0.1826000000

      1845 0.1837000000

      1846 0.1838000000

      1847 0.1836000000

      1848 0.1839000000

      1849 0.1841000000

      1850 0.1844000000

      1851 0.1853000000

      1852 0.1857000000

      1853 0.1859000000

      1854 0.1859000000

      1855 0.1858000000

      1856 0.1858000000

      1857 0.1863000000

      1858 0.1862000000

      1859 0.1864000000

      1860 0.1861000000

      1861 0.1866000000

      1862 0.1868000000

      1863 0.1865000000

      1864 0.1868000000

      1865 0.1871000000

      1866 0.1878000000

      1867 0.1878000000

      1868 0.1878000000

      1869 0.1881000000

      1870 0.1883000000

      1871 0.1884000000

